Scaling 10
image 0
focal length  19
rms 5.7557
K
4184.39       0    2592
      0 4184.39    1728
      0       0       1
dist 
-0.103828
0.0438168
        0
        0
        0
external-0.0401762  -0.999184 0.00413573    394.763
 -0.963023   0.037618  -0.266779    254.849
  0.266406  -0.014701  -0.963749    312.185
         0          0          0          1
H:
[-0.04472641100378079, -0.907854941002482, 4848.222598706017;
 1.074845545440773, 0.2285310848316143, 835.6624739556551;
 -1.061367653526138e-06, 7.730764092289822e-05, 1]
image 1
focal length  18
rms 5.46422
K
4184.39       0    2592
      0 4184.39    1728
      0       0       1
dist 
-0.157564
0.0968012
        0
        0
        0
external-0.0217552  -0.999239  0.0323744    338.008
 -0.952725   0.010905  -0.303638    244.934
  0.303053 -0.0374496  -0.952237    398.156
         0          0          0          1
H:
[-0.04013780760248078, -1.172215876260659, 5083.682697647347;
 1.299485939142807, 0.3375611495371388, 650.0235690875619;
 -9.592675903595553e-06, 9.08223014231333e-05, 1]
image 2
focal length  18
rms 4.18824
K
4184.39       0    2592
      0 4184.39    1728
      0       0       1
dist 
-0.181503
 0.126486
        0
        0
        0
external-0.00643837   -0.999905   0.0121984     343.266
  -0.987978  0.00447638   -0.154529     247.135
    0.15446  -0.0130467   -0.987913     432.945
          0           0           0           1
H:
[-0.01353688351661274, -1.181922879567898, 4757.599092758201;
 1.257961976385937, 0.1591579870102588, 695.8302584189356;
 -3.16644353449027e-06, 4.22727820476491e-05, 1]
